structure(list(artist_hotttnesss = c(0.524859203619, 0.484566708419, 
0.452877325796, 0.493950113329, 0.369991231256, 0.440784422474, 
0.387537923524, 0.448072252962, 0.630749652277, 0.566349576707, 
0.408793151312, 0.42594804717, 0.278794508952, 0.378627322027, 
0.326743977314, 0.508807733945, 0.401073220894, 0.578772833679, 
0.624335868417, 0.508807733945, 0.349000590393, 0.355974358947, 
0.408716004941, 0.37642939672, 0.531157063062, 0.408793151312, 
0.493950113329, 0.428565389458, 0.502974636418, 0.536320726586, 
0.334711392704, 0.508807733945, 0.624002191836, 0.60172975571, 
0.408716004941, 0.413791733502, 0.392393714205, 0.357279209347, 
0.392393714205, 0.324927817391, 0.324927817391, 0.326743977314, 
0.38385137459, 0.37682338971, 0.476680307078, 0.419627904202, 
0.493950113329, 0.408793151312, 0.400194226864, 0.630749652277, 
0.541383261936, 0.306681119225, 0.326743977314, 0.336637591111, 
0.336637591111, 0.370295221755, 0.384327716288, 0, 0.387911598984, 
0.538070295124, 0.42594804717, 0.541383261936, 0.379250523231, 
0.60172975571, 0.384327716288, 0.286567249122, 0.286567249122, 
0.450332978279, 0.356122889114, 0.372924066321, 0.370295221755
), artist_name = structure(c(42L, 38L, 36L, 39L, 13L, 33L, 22L, 
34L, 49L, 47L, 28L, 31L, 2L, 18L, 6L, 41L, 26L, 47L, 50L, 41L, 
9L, 10L, 27L, 16L, 43L, 28L, 39L, 32L, 40L, 44L, 7L, 41L, 49L, 
48L, 27L, 29L, 24L, 12L, 24L, 5L, 5L, 6L, 20L, 17L, 37L, 30L, 
39L, 28L, 25L, 49L, 46L, 4L, 6L, 8L, 8L, 14L, 21L, 1L, 23L, 45L, 
31L, 46L, 19L, 48L, 21L, 3L, 3L, 35L, 11L, 15L, 14L), .Label = c("Mc Créu", 
"Gorch Fock", "The Bonzo Dog Band", "John Littlejohn", "Consolidated", 
"Appliance", "DJ Flavours", "Thee S.T.P.", "Earl Hooker", "J. B. Lenoir", 
"PRE", "Captain & Tennille", "Charlie Hunter", "Slapp Happy", 
"Piccola Bottega Baltazar", "Jape", "Glossary", "Susanna Hoffs", 
"Klovner I Kamp", "Karen Clark Sheard", "GG Allin", "Gabriela Anders", 
"HA-ASH", "Paul Cardall", "Jimmy Nail", "Fruit Bats", "Fabrizio De Andrè", 
"Padi", "Big Cyc", "Barbara Mason", "Donny Osmond", "Rio En Medio", 
"Danny Vaughn", "Kenny Rogers & Kim Carnes", "Filo & Peri", "The Young Knives", 
"Dagoba", "Kansas", "Pavement", "Steel Pulse feat. Capleton", 
"Impaled Nazarene", "Built To Spill", "Converge", "Gretchen Wilson", 
"Savage Garden", "Hard-FI", "Katatonia", "Deftones", "Demon Hunter", 
"Nirvana"), class = "factor"), year = c(1993L, 1976L, 2008L, 
1992L, 2005L, 2007L, 1998L, 1990L, 2005L, 2009L, 2001L, 2008L, 
2005L, 1991L, 2002L, 1996L, 2005L, 2003L, 1968L, 1996L, 1975L, 
2003L, 1973L, 2004L, 2009L, 2007L, 1993L, 2008L, 2004L, 2010L, 
2000L, 2007L, 2002L, 2010L, 1965L, 2008L, 1997L, 1977L, 2003L, 
1990L, 1991L, 2003L, 2006L, 2010L, 2006L, 2003L, 1999L, 2005L, 
1994L, 2004L, 2004L, 2000L, 1999L, 2002L, 2002L, 1974L, 2000L, 
2008L, 2008L, 1996L, 2007L, 2006L, 1999L, 2005L, 1999L, 1992L, 
1972L, 2004L, 2007L, 2002L, 1974L)), row.names = c(NA, -71L), class = "data.frame")
