structure(list(artist_hotttnesss = c(0.524859203619, 0.484566708419, 
0.452877325796, 0.493950113329, 0.369991231256, 0.440784422474, 
0.387537923524, 0.448072252962, 0.630749652277, 0.566349576707, 
0.408793151312, 0.42594804717, 0.278794508952, 0.378627322027, 
0.326743977314, 0.508807733945, 0.401073220894, 0.578772833679, 
0.624335868417, 0.508807733945, 0.349000590393, 0.355974358947, 
0.408716004941, 0.37642939672, 0.531157063062, 0.408793151312, 
0.493950113329, 0.428565389458, 0.502974636418, 0.536320726586, 
0.334711392704, 0.508807733945, 0.624002191836, 0.60172975571, 
0.408716004941, 0.413791733502, 0.392393714205, 0.357279209347, 
0.392393714205, 0.324927817391, 0.324927817391, 0.326743977314, 
0.38385137459, 0.37682338971, 0.476680307078, 0.419627904202, 
0.493950113329, 0.408793151312, 0.400194226864, 0.630749652277, 
0.541383261936, 0.306681119225, 0.326743977314, 0.336637591111, 
0.336637591111, 0.370295221755, 0.384327716288, 0, 0.387911598984, 
0.538070295124, 0.42594804717, 0.541383261936, 0.379250523231, 
0.60172975571, 0.384327716288, 0.286567249122, 0.286567249122, 
0.450332978279, 0.356122889114, 0.372924066321, 0.370295221755
), artist_name = structure(c(4L, 31L, 49L, 40L, 6L, 10L, 19L, 
34L, 12L, 33L, 38L, 14L, 22L, 47L, 1L, 26L, 18L, 33L, 37L, 26L, 
15L, 27L, 16L, 28L, 8L, 38L, 40L, 43L, 46L, 23L, 13L, 26L, 12L, 
11L, 16L, 3L, 39L, 5L, 39L, 7L, 7L, 1L, 32L, 21L, 9L, 2L, 40L, 
38L, 29L, 12L, 25L, 30L, 1L, 50L, 50L, 45L, 20L, 36L, 24L, 44L, 
14L, 25L, 35L, 11L, 20L, 48L, 48L, 17L, 42L, 41L, 45L), .Label = c("Appliance", 
"Barbara Mason", "Big Cyc", "Built To Spill", "Captain & Tennille", 
"Charlie Hunter", "Consolidated", "Converge", "Dagoba", "Danny Vaughn", 
"Deftones", "Demon Hunter", "DJ Flavours", "Donny Osmond", "Earl Hooker", 
"Fabrizio De Andrè", "Filo & Peri", "Fruit Bats", "Gabriela Anders", 
"GG Allin", "Glossary", "Gorch Fock", "Gretchen Wilson", "HA-ASH", 
"Hard-FI", "Impaled Nazarene", "J. B. Lenoir", "Jape", "Jimmy Nail", 
"John Littlejohn", "Kansas", "Karen Clark Sheard", "Katatonia", 
"Kenny Rogers & Kim Carnes", "Klovner I Kamp", "Mc Créu", "Nirvana", 
"Padi", "Paul Cardall", "Pavement", "Piccola Bottega Baltazar", 
"PRE", "Rio En Medio", "Savage Garden", "Slapp Happy", "Steel Pulse feat. Capleton", 
"Susanna Hoffs", "The Bonzo Dog Band", "The Young Knives", "Thee S.T.P."
), class = "factor"), year = c(1993L, 1976L, 2008L, 1992L, 2005L, 
2007L, 1998L, 1990L, 2005L, 2009L, 2001L, 2008L, 2005L, 1991L, 
2002L, 1996L, 2005L, 2003L, 1968L, 1996L, 1975L, 2003L, 1973L, 
2004L, 2009L, 2007L, 1993L, 2008L, 2004L, 2010L, 2000L, 2007L, 
2002L, 2010L, 1965L, 2008L, 1997L, 1977L, 2003L, 1990L, 1991L, 
2003L, 2006L, 2010L, 2006L, 2003L, 1999L, 2005L, 1994L, 2004L, 
2004L, 2000L, 1999L, 2002L, 2002L, 1974L, 2000L, 2008L, 2008L, 
1996L, 2007L, 2006L, 1999L, 2005L, 1999L, 1992L, 1972L, 2004L, 
2007L, 2002L, 1974L)), row.names = c(NA, -71L), class = "data.frame")
